0 0.166667 0.337778 0.166667 0.324444 0.526667 0.324444 0.526667 0.337778
0 0.533333 0.331111 0.520000 0.331111 0.520000 0.166667 0.533333 0.166667
0 0.166667 0.173333 0.166667 0.160000 0.526667 0.160000 0.526667 0.173333
0 0.173333 0.331111 0.160000 0.331111 0.160000 0.166667 0.173333 0.166667
0 0.350000 0.840000 0.350000 0.826667 0.488889 0.826667 0.488889 0.840000
0 0.495556 0.833333 0.482222 0.833333 0.482222 0.556667 0.495556 0.556667
0 0.350000 0.563333 0.350000 0.550000 0.488889 0.550000 0.488889 0.563333
0 0.356667 0.833333 0.343333 0.833333 0.343333 0.556667 0.356667 0.556667
0 0.166667 0.563333 0.166667 0.550000 0.336667 0.550000 0.336667 0.563333
1 0.340000 0.556667 0.333333 0.556667 0.333333 0.331111 0.340000 0.331111
0 0.166667 0.337778 0.166667 0.324444 0.336667 0.324444 0.336667 0.337778
0 0.173333 0.556667 0.160000 0.556667 0.160000 0.331111 0.173333 0.331111
0 0.488889 0.840000 0.488889 0.826667 0.673333 0.826667 0.673333 0.840000
0 0.680000 0.833333 0.666667 0.833333 0.666667 0.676667 0.680000 0.676667
1 0.488889 0.680000 0.488889 0.673333 0.673333 0.673333 0.673333 0.680000
0 0.495556 0.833333 0.482222 0.833333 0.482222 0.676667 0.495556 0.676667
0 0.696667 0.563333 0.696667 0.550000 0.833333 0.550000 0.833333 0.563333
0 0.840000 0.556667 0.826667 0.556667 0.826667 0.324444 0.840000 0.324444
0 0.696667 0.331111 0.696667 0.317778 0.833333 0.317778 0.833333 0.331111
1 0.700000 0.556667 0.693333 0.556667 0.693333 0.324444 0.700000 0.324444
0 0.526667 0.331111 0.526667 0.317778 0.833333 0.317778 0.833333 0.331111
0 0.840000 0.324444 0.826667 0.324444 0.826667 0.166667 0.840000 0.166667
0 0.526667 0.173333 0.526667 0.160000 0.833333 0.160000 0.833333 0.173333
0 0.533333 0.324444 0.520000 0.324444 0.520000 0.166667 0.533333 0.166667
0 0.680000 0.676667 0.666667 0.676667 0.666667 0.556667 0.680000 0.556667
0 0.488889 0.563333 0.488889 0.550000 0.673333 0.550000 0.673333 0.563333
0 0.495556 0.676667 0.482222 0.676667 0.482222 0.556667 0.495556 0.556667
0 0.336667 0.563333 0.336667 0.550000 0.526667 0.550000 0.526667 0.563333
0 0.533333 0.556667 0.520000 0.556667 0.520000 0.331111 0.533333 0.331111
0 0.336667 0.337778 0.336667 0.324444 0.526667 0.324444 0.526667 0.337778
0 0.526667 0.563333 0.526667 0.550000 0.696667 0.550000 0.696667 0.563333
0 0.526667 0.331111 0.526667 0.317778 0.696667 0.317778 0.696667 0.331111
0 0.533333 0.556667 0.520000 0.556667 0.520000 0.324444 0.533333 0.324444
3 0.313333 0.338889 0.313333 0.323333 0.380000 0.323333 0.380000 0.338889
3 0.534444 0.282222 0.518889 0.282222 0.518889 0.215556 0.534444 0.215556
3 0.321111 0.174444 0.321111 0.158889 0.371111 0.158889 0.371111 0.174444
3 0.174444 0.298889 0.158889 0.298889 0.158889 0.198889 0.174444 0.198889
3 0.496667 0.728889 0.481111 0.728889 0.481111 0.662222 0.496667 0.662222
3 0.368889 0.564444 0.368889 0.548889 0.468889 0.548889 0.468889 0.564444
3 0.234444 0.564444 0.234444 0.548889 0.267778 0.548889 0.267778 0.564444
3 0.234444 0.338889 0.234444 0.323333 0.267778 0.323333 0.267778 0.338889
3 0.547778 0.841111 0.547778 0.825556 0.614444 0.825556 0.614444 0.841111
3 0.496667 0.772222 0.481111 0.772222 0.481111 0.738889 0.496667 0.738889
3 0.731111 0.564444 0.731111 0.548889 0.797778 0.548889 0.797778 0.564444
3 0.841111 0.465556 0.825556 0.465556 0.825556 0.415556 0.841111 0.415556
3 0.637778 0.174444 0.637778 0.158889 0.721111 0.158889 0.721111 0.174444
3 0.534444 0.287778 0.518889 0.287778 0.518889 0.204444 0.534444 0.204444
3 0.531111 0.564444 0.531111 0.548889 0.631111 0.548889 0.631111 0.564444
3 0.534444 0.485556 0.518889 0.485556 0.518889 0.402222 0.534444 0.402222
3 0.414444 0.338889 0.414444 0.323333 0.447778 0.323333 0.447778 0.338889