0 0.166667 0.840000 0.166667 0.826667 0.833333 0.826667 0.833333 0.840000
0 0.840000 0.833333 0.826667 0.833333 0.826667 0.535556 0.840000 0.535556
1 0.166667 0.538889 0.166667 0.532222 0.833333 0.532222 0.833333 0.538889
0 0.173333 0.833333 0.160000 0.833333 0.160000 0.535556 0.173333 0.535556
0 0.840000 0.535556 0.826667 0.535556 0.826667 0.166667 0.840000 0.166667
0 0.166667 0.173333 0.166667 0.160000 0.833333 0.160000 0.833333 0.173333
0 0.173333 0.535556 0.160000 0.535556 0.160000 0.166667 0.173333 0.166667
3 0.457778 0.841111 0.457778 0.825556 0.541111 0.825556 0.541111 0.841111
3 0.841111 0.701111 0.825556 0.701111 0.825556 0.667778 0.841111 0.667778
3 0.841111 0.401111 0.825556 0.401111 0.825556 0.301111 0.841111 0.301111
3 0.174444 0.367778 0.158889 0.367778 0.158889 0.334444 0.174444 0.334444