0 0.166667 0.687778 0.166667 0.674444 0.323333 0.674444 0.323333 0.687778
1 0.326667 0.681111 0.320000 0.681111 0.320000 0.457778 0.326667 0.457778
0 0.166667 0.464444 0.166667 0.451111 0.323333 0.451111 0.323333 0.464444
0 0.173333 0.681111 0.160000 0.681111 0.160000 0.457778 0.173333 0.457778
0 0.166667 0.464444 0.166667 0.451111 0.367778 0.451111 0.367778 0.464444
0 0.374444 0.457778 0.361111 0.457778 0.361111 0.305556 0.374444 0.305556
0 0.166667 0.312222 0.166667 0.298889 0.367778 0.298889 0.367778 0.312222
0 0.173333 0.457778 0.160000 0.457778 0.160000 0.305556 0.173333 0.305556
0 0.497778 0.840000 0.497778 0.826667 0.695556 0.826667 0.695556 0.840000
0 0.702222 0.833333 0.688889 0.833333 0.688889 0.614444 0.702222 0.614444
0 0.497778 0.621111 0.497778 0.607778 0.695556 0.607778 0.695556 0.621111
0 0.504444 0.833333 0.491111 0.833333 0.491111 0.614444 0.504444 0.614444
0 0.323333 0.687778 0.323333 0.674444 0.497778 0.674444 0.497778 0.687778
0 0.504444 0.681111 0.491111 0.681111 0.491111 0.457778 0.504444 0.457778
0 0.323333 0.464444 0.323333 0.451111 0.497778 0.451111 0.497778 0.464444
1 0.367778 0.301111 0.367778 0.294444 0.547778 0.294444 0.547778 0.301111
1 0.551111 0.297778 0.544444 0.297778 0.544444 0.166667 0.551111 0.166667
0 0.367778 0.173333 0.367778 0.160000 0.547778 0.160000 0.547778 0.173333
0 0.374444 0.297778 0.361111 0.297778 0.361111 0.166667 0.374444 0.166667
1 0.547778 0.302222 0.547778 0.295556 0.833333 0.295556 0.833333 0.302222
0 0.840000 0.298889 0.826667 0.298889 0.826667 0.166667 0.840000 0.166667
0 0.547778 0.173333 0.547778 0.160000 0.833333 0.160000 0.833333 0.173333
0 0.367778 0.464444 0.367778 0.451111 0.547778 0.451111 0.547778 0.464444
1 0.551111 0.457778 0.544444 0.457778 0.544444 0.297778 0.551111 0.297778
0 0.374444 0.457778 0.361111 0.457778 0.361111 0.297778 0.374444 0.297778
0 0.497778 0.621111 0.497778 0.607778 0.833333 0.607778 0.833333 0.621111
0 0.840000 0.614444 0.826667 0.614444 0.826667 0.457778 0.840000 0.457778
0 0.497778 0.464444 0.497778 0.451111 0.833333 0.451111 0.833333 0.464444
0 0.504444 0.614444 0.491111 0.614444 0.491111 0.457778 0.504444 0.457778
0 0.547778 0.464444 0.547778 0.451111 0.833333 0.451111 0.833333 0.464444
0 0.840000 0.457778 0.826667 0.457778 0.826667 0.298889 0.840000 0.298889
3 0.174444 0.611111 0.158889 0.611111 0.158889 0.527778 0.174444 0.527778
3 0.216667 0.465556 0.216667 0.450000 0.316667 0.450000 0.316667 0.465556
3 0.375556 0.406667 0.360000 0.406667 0.360000 0.356667 0.375556 0.356667
3 0.174444 0.432222 0.158889 0.432222 0.158889 0.332222 0.174444 0.332222
3 0.546667 0.841111 0.546667 0.825556 0.646667 0.825556 0.646667 0.841111
3 0.703333 0.765556 0.687778 0.765556 0.687778 0.682222 0.703333 0.682222
3 0.546667 0.622222 0.546667 0.606667 0.646667 0.606667 0.646667 0.622222
3 0.505556 0.765556 0.490000 0.765556 0.490000 0.682222 0.505556 0.682222
3 0.505556 0.586667 0.490000 0.586667 0.490000 0.553333 0.505556 0.553333
3 0.393333 0.465556 0.393333 0.450000 0.426667 0.450000 0.426667 0.465556
3 0.632222 0.622222 0.632222 0.606667 0.698889 0.606667 0.698889 0.622222
3 0.841111 0.586667 0.825556 0.586667 0.825556 0.486667 0.841111 0.486667
3 0.505556 0.570000 0.490000 0.570000 0.490000 0.503333 0.505556 0.503333
3 0.648889 0.465556 0.648889 0.450000 0.732222 0.450000 0.732222 0.465556