0 0.634444 0.840000 0.634444 0.826667 0.833333 0.826667 0.833333 0.840000
0 0.840000 0.833333 0.826667 0.833333 0.826667 0.635556 0.840000 0.635556
0 0.634444 0.642222 0.634444 0.628889 0.833333 0.628889 0.833333 0.642222
1 0.637778 0.833333 0.631111 0.833333 0.631111 0.635556 0.637778 0.635556
0 0.166667 0.636667 0.166667 0.623333 0.487778 0.623333 0.487778 0.636667
0 0.494444 0.630000 0.481111 0.630000 0.481111 0.471111 0.494444 0.471111
0 0.166667 0.477778 0.166667 0.464444 0.487778 0.464444 0.487778 0.477778
0 0.173333 0.630000 0.160000 0.630000 0.160000 0.471111 0.173333 0.471111
0 0.166667 0.477778 0.166667 0.464444 0.305556 0.464444 0.305556 0.477778
1 0.308889 0.471111 0.302222 0.471111 0.302222 0.166667 0.308889 0.166667
0 0.166667 0.173333 0.166667 0.160000 0.305556 0.160000 0.305556 0.173333
0 0.173333 0.471111 0.160000 0.471111 0.160000 0.166667 0.173333 0.166667
0 0.487778 0.840000 0.487778 0.826667 0.634444 0.826667 0.634444 0.840000
0 0.487778 0.642222 0.487778 0.628889 0.634444 0.628889 0.634444 0.642222
0 0.494444 0.833333 0.481111 0.833333 0.481111 0.635556 0.494444 0.635556
0 0.305556 0.477778 0.305556 0.464444 0.478889 0.464444 0.478889 0.477778
0 0.485556 0.471111 0.472222 0.471111 0.472222 0.166667 0.485556 0.166667
0 0.305556 0.173333 0.305556 0.160000 0.478889 0.160000 0.478889 0.173333
0 0.687778 0.477778 0.687778 0.464444 0.833333 0.464444 0.833333 0.477778
0 0.840000 0.471111 0.826667 0.471111 0.826667 0.166667 0.840000 0.166667
0 0.687778 0.173333 0.687778 0.160000 0.833333 0.160000 0.833333 0.173333
0 0.694444 0.471111 0.681111 0.471111 0.681111 0.166667 0.694444 0.166667
1 0.478889 0.346667 0.478889 0.340000 0.687778 0.340000 0.687778 0.346667
0 0.694444 0.343333 0.681111 0.343333 0.681111 0.166667 0.694444 0.166667
0 0.478889 0.173333 0.478889 0.160000 0.687778 0.160000 0.687778 0.173333
0 0.485556 0.343333 0.472222 0.343333 0.472222 0.166667 0.485556 0.166667
0 0.487778 0.642222 0.487778 0.628889 0.833333 0.628889 0.833333 0.642222
0 0.840000 0.635556 0.826667 0.635556 0.826667 0.471111 0.840000 0.471111
0 0.487778 0.477778 0.487778 0.464444 0.833333 0.464444 0.833333 0.477778
0 0.494444 0.635556 0.481111 0.635556 0.481111 0.471111 0.494444 0.471111
0 0.478889 0.477778 0.478889 0.464444 0.687778 0.464444 0.687778 0.477778
0 0.694444 0.471111 0.681111 0.471111 0.681111 0.343333 0.694444 0.343333
0 0.485556 0.471111 0.472222 0.471111 0.472222 0.343333 0.485556 0.343333
3 0.708889 0.841111 0.708889 0.825556 0.758889 0.825556 0.758889 0.841111
3 0.841111 0.760000 0.825556 0.760000 0.825556 0.710000 0.841111 0.710000
3 0.276667 0.637778 0.276667 0.622222 0.376667 0.622222 0.376667 0.637778
3 0.285556 0.478889 0.285556 0.463333 0.368889 0.463333 0.368889 0.478889
3 0.174444 0.601111 0.158889 0.601111 0.158889 0.501111 0.174444 0.501111
3 0.211111 0.478889 0.211111 0.463333 0.261111 0.463333 0.261111 0.478889
3 0.202222 0.174444 0.202222 0.158889 0.268889 0.158889 0.268889 0.174444
3 0.174444 0.344444 0.158889 0.344444 0.158889 0.294444 0.174444 0.294444
3 0.544444 0.841111 0.544444 0.825556 0.577778 0.825556 0.577778 0.841111
3 0.535556 0.643333 0.535556 0.627778 0.585556 0.627778 0.585556 0.643333
3 0.495556 0.776667 0.480000 0.776667 0.480000 0.693333 0.495556 0.693333
3 0.342222 0.478889 0.342222 0.463333 0.442222 0.463333 0.442222 0.478889
3 0.486667 0.335556 0.471111 0.335556 0.471111 0.302222 0.486667 0.302222
3 0.358889 0.174444 0.358889 0.158889 0.425556 0.158889 0.425556 0.174444
3 0.726667 0.478889 0.726667 0.463333 0.793333 0.463333 0.793333 0.478889
3 0.841111 0.361111 0.825556 0.361111 0.825556 0.277778 0.841111 0.277778
3 0.695556 0.335556 0.680000 0.335556 0.680000 0.302222 0.695556 0.302222
3 0.695556 0.272222 0.680000 0.272222 0.680000 0.238889 0.695556 0.238889
3 0.533333 0.174444 0.533333 0.158889 0.633333 0.158889 0.633333 0.174444
3 0.610000 0.643333 0.610000 0.627778 0.710000 0.627778 0.710000 0.643333
3 0.841111 0.586667 0.825556 0.586667 0.825556 0.520000 0.841111 0.520000
3 0.610000 0.478889 0.610000 0.463333 0.710000 0.463333 0.710000 0.478889
3 0.557778 0.478889 0.557778 0.463333 0.607778 0.463333 0.607778 0.478889
3 0.695556 0.424444 0.680000 0.424444 0.680000 0.391111 0.695556 0.391111
3 0.486667 0.424444 0.471111 0.424444 0.471111 0.391111 0.486667 0.391111