0 0.166667 0.653333 0.166667 0.640000 0.283333 0.640000 0.283333 0.653333
1 0.286667 0.646667 0.280000 0.646667 0.280000 0.463333 0.286667 0.463333
0 0.166667 0.470000 0.166667 0.456667 0.283333 0.456667 0.283333 0.470000
0 0.173333 0.646667 0.160000 0.646667 0.160000 0.463333 0.173333 0.463333
0 0.623333 0.840000 0.623333 0.826667 0.833333 0.826667 0.833333 0.840000
0 0.840000 0.833333 0.826667 0.833333 0.826667 0.635556 0.840000 0.635556
1 0.623333 0.638889 0.623333 0.632222 0.833333 0.632222 0.833333 0.638889
0 0.630000 0.833333 0.616667 0.833333 0.616667 0.635556 0.630000 0.635556
0 0.446667 0.840000 0.446667 0.826667 0.623333 0.826667 0.623333 0.840000
0 0.630000 0.833333 0.616667 0.833333 0.616667 0.463333 0.630000 0.463333
0 0.446667 0.470000 0.446667 0.456667 0.623333 0.456667 0.623333 0.470000
0 0.453333 0.833333 0.440000 0.833333 0.440000 0.463333 0.453333 0.463333
0 0.166667 0.470000 0.166667 0.456667 0.451111 0.456667 0.451111 0.470000
0 0.457778 0.463333 0.444444 0.463333 0.444444 0.340000 0.457778 0.340000
0 0.166667 0.346667 0.166667 0.333333 0.451111 0.333333 0.451111 0.346667
0 0.173333 0.463333 0.160000 0.463333 0.160000 0.340000 0.173333 0.340000
0 0.283333 0.653333 0.283333 0.640000 0.446667 0.640000 0.446667 0.653333
0 0.453333 0.646667 0.440000 0.646667 0.440000 0.463333 0.453333 0.463333
0 0.283333 0.470000 0.283333 0.456667 0.446667 0.456667 0.446667 0.470000
1 0.613333 0.324444 0.613333 0.317778 0.833333 0.317778 0.833333 0.324444
0 0.840000 0.321111 0.826667 0.321111 0.826667 0.166667 0.840000 0.166667
0 0.613333 0.173333 0.613333 0.160000 0.833333 0.160000 0.833333 0.173333
0 0.620000 0.321111 0.606667 0.321111 0.606667 0.166667 0.620000 0.166667
0 0.840000 0.635556 0.826667 0.635556 0.826667 0.463333 0.840000 0.463333
0 0.623333 0.470000 0.623333 0.456667 0.833333 0.456667 0.833333 0.470000
0 0.630000 0.635556 0.616667 0.635556 0.616667 0.463333 0.630000 0.463333
0 0.613333 0.470000 0.613333 0.456667 0.833333 0.456667 0.833333 0.470000
0 0.840000 0.463333 0.826667 0.463333 0.826667 0.321111 0.840000 0.321111
0 0.620000 0.463333 0.606667 0.463333 0.606667 0.321111 0.620000 0.321111
0 0.451111 0.470000 0.451111 0.456667 0.613333 0.456667 0.613333 0.470000
0 0.620000 0.463333 0.606667 0.463333 0.606667 0.166667 0.620000 0.166667
0 0.451111 0.173333 0.451111 0.160000 0.613333 0.160000 0.613333 0.173333
0 0.457778 0.463333 0.444444 0.463333 0.444444 0.166667 0.457778 0.166667
3 0.200000 0.654444 0.200000 0.638889 0.250000 0.638889 0.250000 0.654444
3 0.191111 0.471111 0.191111 0.455556 0.257778 0.455556 0.257778 0.471111
3 0.174444 0.580000 0.158889 0.580000 0.158889 0.530000 0.174444 0.530000
3 0.841111 0.767778 0.825556 0.767778 0.825556 0.701111 0.841111 0.701111
3 0.631111 0.751111 0.615556 0.751111 0.615556 0.717778 0.631111 0.717778
3 0.458889 0.452222 0.443333 0.452222 0.443333 0.352222 0.458889 0.352222
3 0.283333 0.347778 0.283333 0.332222 0.333333 0.332222 0.333333 0.347778
3 0.174444 0.418889 0.158889 0.418889 0.158889 0.385556 0.174444 0.385556
3 0.340000 0.654444 0.340000 0.638889 0.390000 0.638889 0.390000 0.654444
3 0.340000 0.471111 0.340000 0.455556 0.390000 0.455556 0.390000 0.471111
3 0.841111 0.261111 0.825556 0.261111 0.825556 0.227778 0.841111 0.227778
3 0.681111 0.174444 0.681111 0.158889 0.764444 0.158889 0.764444 0.174444
3 0.621111 0.261111 0.605556 0.261111 0.605556 0.227778 0.621111 0.227778
3 0.697778 0.471111 0.697778 0.455556 0.747778 0.455556 0.747778 0.471111
3 0.841111 0.442222 0.825556 0.442222 0.825556 0.342222 0.841111 0.342222
3 0.621111 0.442222 0.605556 0.442222 0.605556 0.342222 0.621111 0.342222
3 0.506667 0.174444 0.506667 0.158889 0.556667 0.158889 0.556667 0.174444
3 0.458889 0.340000 0.443333 0.340000 0.443333 0.290000 0.458889 0.290000