0 0.293333 0.840000 0.293333 0.826667 0.473333 0.826667 0.473333 0.840000
0 0.480000 0.833333 0.466667 0.833333 0.466667 0.628889 0.480000 0.628889
0 0.293333 0.635556 0.293333 0.622222 0.473333 0.622222 0.473333 0.635556
0 0.300000 0.833333 0.286667 0.833333 0.286667 0.628889 0.300000 0.628889
1 0.166667 0.333333 0.166667 0.326667 0.468889 0.326667 0.468889 0.333333
0 0.475556 0.330000 0.462222 0.330000 0.462222 0.166667 0.475556 0.166667
0 0.166667 0.173333 0.166667 0.160000 0.468889 0.160000 0.468889 0.173333
0 0.173333 0.330000 0.160000 0.330000 0.160000 0.166667 0.173333 0.166667
0 0.633333 0.840000 0.633333 0.826667 0.833333 0.826667 0.833333 0.840000
0 0.840000 0.833333 0.826667 0.833333 0.826667 0.641111 0.840000 0.641111
1 0.633333 0.644444 0.633333 0.637778 0.833333 0.637778 0.833333 0.644444
0 0.640000 0.833333 0.626667 0.833333 0.626667 0.641111 0.640000 0.641111
0 0.166667 0.635556 0.166667 0.622222 0.473333 0.622222 0.473333 0.635556
0 0.480000 0.628889 0.466667 0.628889 0.466667 0.474444 0.480000 0.474444
1 0.166667 0.477778 0.166667 0.471111 0.473333 0.471111 0.473333 0.477778
0 0.173333 0.628889 0.160000 0.628889 0.160000 0.474444 0.173333 0.474444
0 0.473333 0.840000 0.473333 0.826667 0.633333 0.826667 0.633333 0.840000
0 0.640000 0.833333 0.626667 0.833333 0.626667 0.474444 0.640000 0.474444
0 0.473333 0.481111 0.473333 0.467778 0.633333 0.467778 0.633333 0.481111
0 0.480000 0.833333 0.466667 0.833333 0.466667 0.474444 0.480000 0.474444
0 0.475556 0.474444 0.462222 0.474444 0.462222 0.330000 0.475556 0.330000
0 0.173333 0.474444 0.160000 0.474444 0.160000 0.330000 0.173333 0.330000
1 0.641111 0.331111 0.641111 0.324444 0.833333 0.324444 0.833333 0.331111
0 0.840000 0.327778 0.826667 0.327778 0.826667 0.166667 0.840000 0.166667
0 0.641111 0.173333 0.641111 0.160000 0.833333 0.160000 0.833333 0.173333
0 0.647778 0.327778 0.634444 0.327778 0.634444 0.166667 0.647778 0.166667
0 0.840000 0.641111 0.826667 0.641111 0.826667 0.474444 0.840000 0.474444
0 0.633333 0.481111 0.633333 0.467778 0.833333 0.467778 0.833333 0.481111
0 0.640000 0.641111 0.626667 0.641111 0.626667 0.474444 0.640000 0.474444
0 0.641111 0.481111 0.641111 0.467778 0.833333 0.467778 0.833333 0.481111
0 0.840000 0.474444 0.826667 0.474444 0.826667 0.327778 0.840000 0.327778
0 0.647778 0.474444 0.634444 0.474444 0.634444 0.327778 0.647778 0.327778
0 0.468889 0.481111 0.468889 0.467778 0.641111 0.467778 0.641111 0.481111
0 0.647778 0.474444 0.634444 0.474444 0.634444 0.166667 0.647778 0.166667
0 0.468889 0.173333 0.468889 0.160000 0.641111 0.160000 0.641111 0.173333
0 0.475556 0.474444 0.462222 0.474444 0.462222 0.166667 0.475556 0.166667
3 0.481111 0.781111 0.465556 0.781111 0.465556 0.681111 0.481111 0.681111
3 0.476667 0.273333 0.461111 0.273333 0.461111 0.223333 0.476667 0.223333
3 0.301111 0.174444 0.301111 0.158889 0.334444 0.158889 0.334444 0.174444
3 0.174444 0.290000 0.158889 0.290000 0.158889 0.206667 0.174444 0.206667
3 0.700000 0.841111 0.700000 0.825556 0.766667 0.825556 0.766667 0.841111
3 0.641111 0.771111 0.625556 0.771111 0.625556 0.704444 0.641111 0.704444
3 0.303333 0.636667 0.303333 0.621111 0.336667 0.621111 0.336667 0.636667
3 0.174444 0.602222 0.158889 0.602222 0.158889 0.502222 0.174444 0.502222
3 0.641111 0.671111 0.625556 0.671111 0.625556 0.637778 0.641111 0.637778
3 0.511111 0.482222 0.511111 0.466667 0.594444 0.466667 0.594444 0.482222
3 0.476667 0.452222 0.461111 0.452222 0.461111 0.352222 0.476667 0.352222
3 0.174444 0.444444 0.158889 0.444444 0.158889 0.361111 0.174444 0.361111
3 0.841111 0.272222 0.825556 0.272222 0.825556 0.222222 0.841111 0.222222
3 0.686667 0.174444 0.686667 0.158889 0.786667 0.158889 0.786667 0.174444
3 0.648889 0.281111 0.633333 0.281111 0.633333 0.214444 0.648889 0.214444
3 0.695556 0.482222 0.695556 0.466667 0.778889 0.466667 0.778889 0.482222
3 0.841111 0.434444 0.825556 0.434444 0.825556 0.367778 0.841111 0.367778
3 0.648889 0.417778 0.633333 0.417778 0.633333 0.384444 0.648889 0.384444
3 0.537778 0.482222 0.537778 0.466667 0.571111 0.466667 0.571111 0.482222
3 0.648889 0.371111 0.633333 0.371111 0.633333 0.271111 0.648889 0.271111
3 0.513333 0.174444 0.513333 0.158889 0.596667 0.158889 0.596667 0.174444