0 0.688889 0.840000 0.688889 0.826667 0.833333 0.826667 0.833333 0.840000
0 0.840000 0.833333 0.826667 0.833333 0.826667 0.651111 0.840000 0.651111
0 0.688889 0.657778 0.688889 0.644444 0.833333 0.644444 0.833333 0.657778
1 0.692222 0.833333 0.685556 0.833333 0.685556 0.651111 0.692222 0.651111
0 0.346667 0.840000 0.346667 0.826667 0.475556 0.826667 0.475556 0.840000
0 0.482222 0.833333 0.468889 0.833333 0.468889 0.634444 0.482222 0.634444
1 0.346667 0.637778 0.346667 0.631111 0.475556 0.631111 0.475556 0.637778
0 0.353333 0.833333 0.340000 0.833333 0.340000 0.634444 0.353333 0.634444
0 0.166667 0.641111 0.166667 0.627778 0.346667 0.627778 0.346667 0.641111
1 0.350000 0.634444 0.343333 0.634444 0.343333 0.435556 0.350000 0.435556
0 0.166667 0.442222 0.166667 0.428889 0.346667 0.428889 0.346667 0.442222
0 0.173333 0.634444 0.160000 0.634444 0.160000 0.435556 0.173333 0.435556
0 0.166667 0.442222 0.166667 0.428889 0.281111 0.428889 0.281111 0.442222
1 0.284444 0.435556 0.277778 0.435556 0.277778 0.166667 0.284444 0.166667
0 0.166667 0.173333 0.166667 0.160000 0.281111 0.160000 0.281111 0.173333
0 0.173333 0.435556 0.160000 0.435556 0.160000 0.166667 0.173333 0.166667
0 0.475556 0.840000 0.475556 0.826667 0.688889 0.826667 0.688889 0.840000
0 0.475556 0.657778 0.475556 0.644444 0.688889 0.644444 0.688889 0.657778
0 0.482222 0.833333 0.468889 0.833333 0.468889 0.651111 0.482222 0.651111
0 0.678889 0.657778 0.678889 0.644444 0.833333 0.644444 0.833333 0.657778
0 0.840000 0.651111 0.826667 0.651111 0.826667 0.435556 0.840000 0.435556
0 0.678889 0.442222 0.678889 0.428889 0.833333 0.428889 0.833333 0.442222
1 0.682222 0.651111 0.675556 0.651111 0.675556 0.435556 0.682222 0.435556
1 0.442222 0.280000 0.442222 0.273333 0.668889 0.273333 0.668889 0.280000
0 0.675556 0.276667 0.662222 0.276667 0.662222 0.166667 0.675556 0.166667
0 0.442222 0.173333 0.442222 0.160000 0.668889 0.160000 0.668889 0.173333
0 0.448889 0.276667 0.435556 0.276667 0.435556 0.166667 0.448889 0.166667
0 0.281111 0.442222 0.281111 0.428889 0.442222 0.428889 0.442222 0.442222
0 0.448889 0.435556 0.435556 0.435556 0.435556 0.166667 0.448889 0.166667
0 0.281111 0.173333 0.281111 0.160000 0.442222 0.160000 0.442222 0.173333
0 0.482222 0.634444 0.468889 0.634444 0.468889 0.435556 0.482222 0.435556
0 0.346667 0.442222 0.346667 0.428889 0.475556 0.428889 0.475556 0.442222
0 0.668889 0.442222 0.668889 0.428889 0.833333 0.428889 0.833333 0.442222
0 0.840000 0.435556 0.826667 0.435556 0.826667 0.166667 0.840000 0.166667
0 0.668889 0.173333 0.668889 0.160000 0.833333 0.160000 0.833333 0.173333
0 0.675556 0.435556 0.662222 0.435556 0.662222 0.166667 0.675556 0.166667
0 0.475556 0.657778 0.475556 0.644444 0.678889 0.644444 0.678889 0.657778
0 0.475556 0.442222 0.475556 0.428889 0.678889 0.428889 0.678889 0.442222
0 0.482222 0.651111 0.468889 0.651111 0.468889 0.435556 0.482222 0.435556
0 0.442222 0.442222 0.442222 0.428889 0.668889 0.428889 0.668889 0.442222
0 0.675556 0.435556 0.662222 0.435556 0.662222 0.276667 0.675556 0.276667
0 0.448889 0.435556 0.435556 0.435556 0.435556 0.276667 0.448889 0.276667
3 0.841111 0.758889 0.825556 0.758889 0.825556 0.725556 0.841111 0.725556
3 0.744444 0.658889 0.744444 0.643333 0.777778 0.643333 0.777778 0.658889
3 0.361111 0.841111 0.361111 0.825556 0.461111 0.825556 0.461111 0.841111
3 0.483333 0.758889 0.467778 0.758889 0.467778 0.708889 0.483333 0.708889
3 0.354444 0.758889 0.338889 0.758889 0.338889 0.708889 0.354444 0.708889
3 0.240000 0.642222 0.240000 0.626667 0.273333 0.626667 0.273333 0.642222
3 0.231111 0.443333 0.231111 0.427778 0.281111 0.427778 0.281111 0.443333
3 0.174444 0.568889 0.158889 0.568889 0.158889 0.502222 0.174444 0.502222
3 0.190000 0.443333 0.190000 0.427778 0.256667 0.427778 0.256667 0.443333
3 0.174444 0.334444 0.158889 0.334444 0.158889 0.267778 0.174444 0.267778
3 0.540000 0.841111 0.540000 0.825556 0.623333 0.825556 0.623333 0.841111
3 0.556667 0.658889 0.556667 0.643333 0.606667 0.643333 0.606667 0.658889
3 0.722222 0.658889 0.722222 0.643333 0.788889 0.643333 0.788889 0.658889
3 0.676667 0.263333 0.661111 0.263333 0.661111 0.180000 0.676667 0.180000
3 0.538889 0.174444 0.538889 0.158889 0.572222 0.158889 0.572222 0.174444
3 0.450000 0.317778 0.434444 0.317778 0.434444 0.284444 0.450000 0.284444
3 0.344444 0.174444 0.344444 0.158889 0.377778 0.158889 0.377778 0.174444
3 0.717778 0.174444 0.717778 0.158889 0.784444 0.158889 0.784444 0.174444
3 0.543333 0.443333 0.543333 0.427778 0.610000 0.427778 0.610000 0.443333
3 0.483333 0.568889 0.467778 0.568889 0.467778 0.518889 0.483333 0.518889